0.944040
-1.038620
-0.380160
0.967830
1.040720
0.560150
-0.209350
-1.137100
-0.743880
-0.308270
-0.341770
0.201210
-0.155360
0.201590
0.336240
-0.940770
-0.695490
-0.814000
0.409070
0.495630
-1.246530
-0.019580
0.599220
-0.833650
1.218560
0.561410
-1.158340
0.993680
-1.025150
0.638210
0.418080
0.145110
1.057280
-1.112000
0.306300
-0.081100
-0.293840
-0.936520
1.087670
1.172220
1.033030
0.494880
-0.087230
0.380380
0.147330
-1.135580
0.245110
0.207020
1.053400
-1.152990
0.198630
-1.051550
-0.861150
-1.183690
0.929510
-0.725110
0.823250
0.285400
-0.878180
1.257560
-0.490080
-0.870780
1.238660
0.090310
1.344270
-0.978030
0.802500
0.958310
0.744710
-0.607760
1.247400
0.275810
0.323650
-0.716930
0.556820
-0.930180
-1.044970
1.303900
-1.173100
0.522440
-0.193790
-1.159030
-1.199280
1.005360
-0.405990
0.030340
-0.966040
0.638390
0.287390
-1.096220
-0.695310
-0.116090
1.062530
-0.370320
0.150550
0.418810
0.904680
0.173900
0.104920
0.255990
